image: /robot/map/map.pgm
resolution: 0.050000
origin: [-2.675041, -1.486339, 0.000000]
negate: 0
occupied_thresh: 0.65
free_thresh: 0.196

