initial_pose_x: 4.42354
initial_pose_y: 10.896
initial_pose_a: 0.141212
