initial_pose_x: 4.24001
initial_pose_y: 10.9685
initial_pose_a: -0.119894
