initial_pose_x: 0.198097
initial_pose_y: -0.182274
initial_pose_a: -1.4028
